Kd=0;
Ki=0;
Kp= 1;
b= 6.797e-04;
J= 0.007;
kt= 0.1186;
R=2.400;
L=0;
ke=0.2154;
Nf = 100;
